100
4 2 0
17 0 0
2 6440 4350
13 0 0
12 -2 2
12 1 3
9 0 0
11 -1 3
8 518 0
15 0 4
1 0 2
12 -1 3
3 -2 0
2 0 0
15 1 3
12 -4 0
10 2 2
5 0 2
19 2 0
10 4 0
15 -2 0
6 -2 0
1 -1 1
12 -4 0
4 0 0
13 -1 3
11 6694 0
1 0 0
19 8085 3291
1 0 2
11 4 0
14 0 0
9 3 1
6 1 1
18 0 4
3 -1 1
7 2 0
17 2 0
2 -4626 0
3 0 6870
10 -3 1
6 0 2
20 -1 1
6 2 0
13 2 2
3 0 0
19 0 0
3 -1 1
15 1 3
12 2718 1370
6 4 0
2 -2 0
6 -1 1
11 0 2
13 -1 3
13 4 0
5 2 0
17 -5794 0
14 4 0
16 0 4
19 6 0
6 -2 2
5 0 2
20 -1 1
9 3742 6586
12 0 0
6 3829 4015
4 7536 878
4 0 0
9 -2612 0
10 -3 1
3 -2 0
1 0 2
20 -2 2
3 -1 1
16 3340 1514
5 0 4
12 -5064 0
17 9960 8560
18 0 0
17 -2 2
18 -2112 0
11 1 1
10 0 7146
1 2 0
5 2 0
10 2 2
7 0 1150
16 0 0
10 -1 1
17 6 0
10 0 0
3 0 0
19 2 0
11 7393 5679
6 4 0
20 4 2
10 1 3
12 0 0
5 0 4
