100
11 4 0
14 -1 3
3 -2 0
12 -4 0
1 0 0
20 0 1304
10 2 0
5 0 0
5 0 8232
13 0 2
11 -2 2
2 -7106 0
11 -4 0
3 2 0
3 0 2674
18 0 0
19 -2 2
16 2 0
1 2 4
1 0 2
4 1 1
16 6 0
13 416 3016
17 6 0
5 1 1
13 3 1
2 0 0
5 4 0
11 0 4
1 0 2
2 -2 0
5 2 0
3 2 0
16 6 0
6 4 0
14 2 0
5 0 4
4 1 1
13 1 3
13 -3180 0
6 -2 0
10 9664 6848
2 -2 0
12 0 0
1 1 1
11 2 2
13 0 0
4 4746 0
16 2 0
2 4824 8398
4 0 2
18 2 2
14 0 0
9 -4 0
1 0 0
7 0 0
8 -2 0
20 6 0
11 1 1
3 0 0
11 -7594 0
8 4 0
13 -8286 0
11 2 2
19 0 4
3 1 1
18 3561 7029
10 -8476 0
10 0 0
14 0 4
12 5394 7318
17 6663 2067
17 1 1
5 -4 0
5 7454 0
9 -3 1
19 5 1
13 -1 3
5 -1 1
12 1 3
9 1 1
11 0 0
19 3433 3421
4 6611 9485
6 1 1
6 3 1
13 0 4
7 8921 6771
20 0 4
9 5312 0
20 -6442 0
10 2 0
5 0 4
15 0 4
1 -2 0
20 0 4
19 -4 2
20 -5 1
17 1 3
11 4 0
