20
2
0 3 0 2 10 2 3 -2
10 3 2 3 8 7 2 0
3
2 1 0 5 10 2 4 0
0 3 0 2 7 1 1 2
3 3 0 5 1 1 2 0
2
3 2 0 2 9 2 3 0
6 1 1 4 6 3 -1 -2
6
3414 2 -25 61 326 54788 -7 61
181452 8 -10 3 6717 12710 2 -498
223505 8 -62 77 280 13242 5 595
101271 3 -16 37 8692 213187 -4 -883
265384 8 -81 89 3249 13934 -5 -37
197549 4 -3 78 2761 22851 -10 560
3
286476 8 75 76 46513 34637 1 -2404
286476 8 28 29 334822 34637 0 -8280
251839 9 79 82 1000000 34637 4 100000
6
47972 9 14 15 458280 2022 1 -5678
19426 8 -44 -43 431607 1144 0 -12493
5193 8 15 22 1000000 3172 8 100000
21283 7 -44 -43 84882 3120 0 30422
577777 1 -44 -43 135813 103101 0 19602
182072 6 -44 -43 400750 34904 0 27365
10
314071 10 9 31 845708 27112 -7 -89682
3009 10 -86 -12 792362 1672 -8 -55866
25813 10 -84 -56 462096 5007 -8 75166
155033 10 -76 16 772352 40739 1 -79862
1189 10 -27 -10 80910 26564 -3 31923
6106 10 -62 -39 760908 1978 1 55072
2357 10 25 92 737976 43566 1 -30269
47586 10 81 98 819147 36148 -4 -55505
70301 10 81 96 800693 1190 -10 25428
355777 10 -83 -21 352549 4505 9 -20984
10
1932 10 70 91 639220 8700 4 -14253
1932 10 53 71 115493 8700 5 48484
1932 10 38 40 715048 8700 8 4103
1932 10 86 87 769734 8700 -9 -84568
1932 10 -53 71 535032 8700 -1 97081
1932 10 -47 22 258069 8700 8 55721
1932 10 33 89 487754 8700 5 97833
1932 10 -65 -55 971683 8700 -10 -9110
1932 10 27 64 802652 8700 6 -26750
1932 10 -94 -90 554855 8700 9 6035
10
48906 10 -82 19 511365 34295 -3 -46803
48906 10 -27 82 168792 34295 -2 14211
48906 10 16 38 625291 34295 -3 48326
48906 10 -21 -16 867399 34295 -4 15333
48906 10 -5 51 560928 34295 -5 -21769
48906 10 -96 1 295533 34295 -4 62232
48906 10 -57 94 815419 34295 -2 -16366
48906 10 56 80 890834 34295 10 -87254
48906 10 -82 41 893850 34295 -4 -26751
48906 10 -37 40 961446 34295 -3 -48930
10
10965 10 -69 90 940148 28159 -8 -81113
22409 10 -100 87 569430 53947 2 9724
10256 10 -69 79 569132 61270 -4 8309
138217 10 -53 -10 895454 5282 -4 -49439
8793 10 -70 62 964345 8750 2 -93106
256235 10 56 83 810298 11776 8 -68476
149345 10 -76 85 941108 13011 8 -79637
260182 10 -15 71 67655 20227 -3 99975
6592 10 -9 87 41666 3116 -2 53190
14413 10 -51 2 732309 4869 7 -57922
10
28166 10 -74 19 962024 27402 -1 -51900
28166 10 -74 19 382524 27402 -4 -10871
28166 10 -74 19 818063 27402 4 7090
28166 10 -74 19 29155 27402 -4 57530
28166 10 -74 19 555803 27402 -8 65573
28166 10 -74 19 541758 27402 -2 -59005
28166 10 -74 19 93139 27402 1 63668
28166 10 -74 19 826582 27402 -8 -57925
28166 10 -74 19 663402 27402 2 -55920
28166 10 -74 19 793591 27402 -4 40136
4
159077 1 -14 -5 9464 1533 -10 107
21385 1 -18 99 3116 5867 10 -114
206896 10 -80 -26 8831 27910 -4 -598
29256 1 -100 -67 6856 5748 6 -329
7
7794 6 -61 -54 2402 55 1 -460
115422 4 24 33 7335 123512 -1 -453
707 6 -56 -46 9243 2771 -8 -983
68073 8 -94 -24 9758 9128 4 -190
18055 5 -2 34 5864 90743 8 -61
4213 7 40 91 1948 12246 -10 648
172520 8 -68 66 3828 13617 3 75
10
10191 8 -31 -9 7618 9782 -5 -404
2327 2 -24 95 411 315622 -4 -20
1297 10 12 46 6843 6693 6 -519
5538 5 -33 26 6257 5530 0 -580
313868 8 88 95 7291 6220 -5 -923
406132 1 -67 -2 2436 3851 -2 104
46425 8 -54 98 9275 17606 7 251
1368 5 -45 -13 4173 1053 -5 -200
25953 5 -69 -17 6717 66690 -6 -824
218655 1 -16 49 7280 5242 -10 16
7
251419 10 -12 43 1946 7170 -6 994
85158 6 -30 -8 3399 73403 4 -163
43954 10 -16 27 7520 22063 -6 97
288905 3 -91 10 8618 26353 -3 310
92183 5 -66 35 3048 16545 7 -126
16805 5 -39 100 6431 6750 -6 -547
121187 3 79 81 5419 25152 -1 -194
3
36915 9 -24 43 1007 9269 -1 -71
44662 1 -91 15 8859 6032 0 614
10431 4 -94 -43 1826 25626 -3 649
6
102209 5 -85 -37 4421 2146 7 -71
79200 9 33 55 6528 9811 -10 -215
282262 8 -36 81 4155 33128 -6 -204
20437 6 -67 51 2630 3132 -1 -412
154743 9 44 71 3631 22283 2 882
7113 3 -35 -18 9334 57795 -9 398
2
40156 2 -27 83 3317 686 -9 -970
44115 8 -47 53 3364 60755 0 407
7
112051 2 -91 99 7585 80531 -2 502
13048 9 -18 17 3629 67761 -5 357
9682 4 -83 -81 4605 1808 -9 464
456597 8 -35 -13 7723 3269 -4 -944
1661 1 -67 6 9768 1354 -8 -482
8556 2 -15 89 7878 59575 -8 621
914 7 5 90 3361 5938 -3 -183
7
1182 6 -31 55 7879 85114 -2 745
19543 3 71 82 6693 114934 -4 197
5302 5 -22 60 2343 1354 9 -158
151101 5 71 92 4217 74191 2 27
15184 10 -83 95 2070 24746 -9 147
9372 4 -65 69 7229 148938 -6 144
66340 8 -76 26 9296 44761 -3 177
