20
2
0 3 0 2 10 2 3 -2
10 3 2 3 8 7 2 0
3
2 1 0 5 10 2 4 0
0 3 0 2 7 1 1 2
3 3 0 5 1 1 2 0
2
3 2 0 2 9 2 3 0
6 1 1 4 6 3 -1 -2
6
3414 2 -25 61 326 54788 -7 61
181452 8 -10 3 6717 12710 2 -498
223505 8 -62 77 280 13242 5 595
101271 3 -16 37 8692 213187 -4 -883
265384 8 -81 89 3249 13934 -5 -37
197549 4 -3 78 2761 22851 -10 560
3
2627 10 -20 -11 1000000 16480 10 100000
117987 3 -13 -12 418114 16480 1 23207
2627 10 -6 -5 168454 16480 0 46263
8
24809 2 -66 -65 158669 263069 1 -1176
222656 10 21 22 438607 873 0 23328
115562 5 21 22 403399 104482 0 40856
58488 8 21 22 353207 11060 0 -6138
82754 5 21 22 472912 35856 0 8706
2009 4 21 22 234001 66924 0 -41836
24916 9 -72 -65 1000000 37126 8 100000
207259 1 21 22 283165 492936 0 31258
10
243196 10 -1 58 585670 231 2 -45177
100017 10 -94 -88 991643 1730 4 -2242
1189 10 -95 54 413300 1019 8 18032
52817 10 5 82 765758 15285 -9 -28709
50262 10 25 28 594826 51560 -5 -54379
5197 10 -96 -5 998122 70208 6 19429
10812 10 -57 -41 461502 15591 5 9658
96535 10 -14 7 222920 47982 2 62520
236689 10 -3 23 992836 10088 -7 -95438
58645 10 -81 44 240748 10389 7 -6684
10
10409 10 -75 -56 811271 33487 -3 30430
10409 10 -64 -1 996190 33487 2 -92439
10409 10 -58 -1 995301 33487 -1 -89418
10409 10 -40 -6 797573 33487 7 -68075
10409 10 59 78 962669 33487 9 95599
10409 10 -49 77 636935 33487 7 63174
10409 10 -71 76 723790 33487 4 25417
10409 10 -50 -15 44751 33487 8 24082
10409 10 45 70 757632 33487 4 -81008
10409 10 -37 32 966359 33487 -3 -89775
10
52195 10 -59 65 272343 36838 5 31177
52195 10 39 86 771722 36838 6 -55082
52195 10 -2 100 278220 36838 5 26088
52195 10 -49 89 763202 36838 7 -83234
52195 10 -24 92 757267 36838 3 -42085
52195 10 -19 56 927916 36838 6 83322
52195 10 30 81 529590 36838 6 74365
52195 10 -88 -43 560582 36838 2 69132
52195 10 -29 86 144476 36838 -6 21308
52195 10 -8 6 827238 36838 0 -4246
10
27723 10 -59 55 716948 6329 3 -9630
23449 10 1 86 353483 676 4 -32781
1771 10 -13 46 541332 21899 10 13761
7692 10 -55 -17 183969 8874 2 5118
149830 10 -47 43 726933 32813 7 16499
47066 10 -16 -7 794798 17117 2 -29409
39450 10 -48 -46 444832 18737 -1 50752
126084 10 -81 68 244710 1066 1 -18157
204457 10 -30 15 264647 3576 1 10923
22570 10 -99 -11 895644 22701 -3 -46868
10
78200 10 -70 14 955379 34566 -4 90846
78200 10 -70 14 622368 34566 -4 -32045
78200 10 -70 14 916012 34566 1 -95102
78200 10 -70 14 742002 34566 -1 75826
78200 10 -70 14 274816 34566 2 83695
78200 10 -70 14 398934 34566 -2 14393
78200 10 -70 14 614196 34566 -1 -59420
78200 10 -70 14 855240 34566 8 1413
78200 10 -70 14 782324 34566 4 -9809
78200 10 -70 14 372014 34566 -8 50063
5
104895 10 -49 -20 4989 2902 9 -229
111567 9 -85 88 155 7579 10 231
184516 3 -26 -4 8969 14307 -9 -878
21248 4 -73 41 4886 17865 -8 325
42692 2 20 96 7193 31412 6 722
9
59747 3 37 89 4756 48770 0 -874
12030 6 -33 33 2245 93042 4 581
375744 5 -80 76 6544 59778 6 -978
23639 2 8 51 5710 25736 -10 612
4307 9 -24 11 8756 70798 10 -231
1206 1 -89 -29 4430 5390 5 -481
303248 8 -13 27 7453 15830 -3 -489
276 5 -37 93 1401 1778 10 832
14251 5 62 96 5589 76622 -4 -59
9
12546 7 -68 -45 1548 24821 -4 444
51426 7 -81 -70 1658 15421 2 85
298761 3 -29 0 5891 111781 -6 646
14302 8 -76 5 9320 34519 4 364
29108 2 -33 78 8838 18541 -5 -883
16753 4 31 49 501 99863 9 122
10498 3 7 73 477 37117 -9 295
7374 6 2 38 7267 64228 1 -845
118829 4 -88 11 7302 58755 -7 830
4
21409 9 22 65 7126 73593 -6 893
34585 7 2 52 7618 4012 -7 -194
86299 3 -89 -69 3998 120775 -2 547
7229 4 66 95 4503 129685 -8 -957
1
20193 3 -46 6 3215 93387 3 -996
9
375114 3 -6 16 5344 13061 -8 -668
5869 8 -44 50 9439 2035 -10 -841
133788 3 -11 55 3878 35577 -3 -895
54144 2 -58 63 7316 48340 6 -107
15104 9 -47 77 6719 38765 7 -239
39641 9 -92 -40 9371 18272 -1 -508
61229 8 -29 38 5213 25126 -8 -477
65539 6 -5 74 6657 7206 -7 -289
43869 5 -74 -26 2740 6527 -10 -609
8
184129 6 49 93 5370 43128 -4 593
179496 6 -33 80 8580 16190 5 -603
2177 7 -20 6 2910 42794 -6 41
89831 8 -33 18 7596 804 -4 -591
346 8 44 72 4101 2153 -10 -349
5710 2 -51 39 7959 15942 -3 239
15768 10 24 85 9683 8828 -5 55
2499 9 33 38 7346 64630 8 397
7
74279 5 -54 -3 8602 38652 10 -129
28786 10 -63 27 9392 10933 8 -756
17833 8 -42 22 9858 75167 -4 -978
96138 4 -67 -45 5605 73702 -4 574
19733 5 -74 23 7560 57364 9 -3
70388 3 -22 -18 7365 6562 4 -592
144555 6 -40 -16 2860 8617 -2 -185
3
17054 2 -97 11 1638 296965 7 332
65749 6 -100 -97 9630 18984 -1 300
43044 7 -100 -97 8639 2338 -2 -499
