100
2 3 2
1 1 1
2 1 2
3 2 3
13 8 13
42 11 42
88 7 88
49 5 49
62 1 62
4 1 4
69 1 69
1 97 1
2 59 2
53 8 53
8 1 8
42 3 42
55 8 55
43 6 43
1 95 1
2 4 2
21 4 21
27 8 27
8 17 8
3 37 3
100 3 100
1 3 1
37 1 37
100 4 100
3 6 3
1 16 1
4 16 4
52 7 52
47 8 47
2 44 2
5 7 5
100 7 100
68 5 68
34 5 34
3 26 3
10 7 10
86 9 86
16 6 16
2 20 2
75 5 75
89 5 89
80 8 80
42 1 42
2 28 2
2 27 2
4 4 4
3 3 3
53 10 53
4 29 4
3 34 3
81 5 81
41 9 41
35 9 35
47 10 47
1 4 1
1 33 1
11 6 11
28 6 28
3 1 3
10 18 10
15 8 15
99 5 99
70 8 70
1 36 1
4 2 4
1 100 1
86 8 86
20 11 20
1 91 1
2 2 2
26 4 26
24 11 24
18 2 18
39 4 39
1 2 1
7 6 7
82 6 82
8 19 8
14 7 14
100 2 100
1 11 1
92 5 92
1 94 1
6 3 6
10 5 10
2 49 2
42 8 42
4 3 4
3 4 3
100 9 100
100 1 100
2 10 2
13 12 13
57 1 57
99 8 99
88 5 88
